%YAML:1.0
---
calibration_time: "2022년 04월 21일 (thur) 오전 11시 28분 29초"
image_width: 640
image_height: 480
flags: 0
camera_matrix: !!opencv-matrix
   rows: 3
   cols: 3
   dt: d
   data: [480.481877885614, 0, 343.7594841367759, 0, 480.3337870187664, 212.4225266724602, 0, 0, 1]
distortion_coefficients: !!opencv-matrix
   rows: 1
   cols: 5
   dt: d
   data: [-0.02804968475027459, -0.01233409434118053, -0.003838914986909617, -0.005404161837305736, 0]
avg_reprojection_error: 2.0449287859689913e-01
