%YAML:1.0
---
calibration_time: "2022년 05월 20일 (thur) 오전 10시 43분 29초"
image_width: 640
image_height: 480
flags: 0
camera_matrix: !!opencv-matrix
   rows: 3
   cols: 3
   dt: d
   data: [452.654388, 0., 325.065491, 0., 452.65438842, 247.81065368, 0., 0., 1.]
distortion_coefficients: !!opencv-matrix
   rows: 1
   cols: 5
   dt: d
   data: [0., 0., 0., 0., 0.00001]
avg_reprojection_error: 2.0449287859689913e-01                                     
